2 9 3 7 8 1 6 5 4 
7 8 1 5 4 6 3 2 9 
5 4 6 2 9 3 1 7 8 
9 3 2 8 1 7 4 6 5 
8 1 7 4 6 5 9 3 2 
4 6 5 9 3 2 8 1 7 
3 2 9 1 7 8 5 4 6 
1 7 8 6 5 4 2 9 3 
6 5 4 3 2 9 7 8 1 
------- 0 -------
5 1 9 7 2 8 6 4 3 
7 2 8 3 6 4 1 9 5 
3 6 4 5 1 9 2 8 7 
9 5 1 8 7 2 4 3 6 
8 7 2 4 3 6 9 5 1 
4 3 6 9 5 1 8 7 2 
1 9 5 2 8 7 3 6 4 
2 8 7 6 4 3 5 1 9 
6 4 3 1 9 5 7 2 8 
------- 0 -------
0 9 0 0 8 0 0 5 0 
7 8 1 0 4 0 0 2 0 
5 0 0 2 0 0 0 0 0 
9 0 2 8 1 0 0 6 5 
8 0 7 4 6 5 0 3 0 
0 0 0 0 0 2 8 0 7 
3 2 9 0 0 0 5 0 0 
1 7 0 0 5 4 0 0 0 
0 0 0 0 0 0 7 0 1 
------- 0 -------
0 9 0 0 8 0 0 5 0 
7 8 1 0 4 0 0 2 0 
5 0 0 2 0 0 0 0 0 
9 0 2 8 1 0 0 6 5 
8 0 7 4 6 5 0 3 0 
0 0 0 0 0 2 8 0 7 
3 2 9 0 0 0 5 0 0 
1 7 0 0 5 4 0 0 0 
0 0 0 0 0 0 7 0 1 
------- 0 -------
0 9 0 0 8 0 0 5 0 
7 8 1 0 4 0 0 2 0 
5 0 0 2 0 0 0 0 0 
9 0 2 8 1 0 0 6 5 
8 0 7 4 6 5 0 3 0 
0 0 0 0 0 2 8 0 7 
3 2 9 0 0 0 5 0 0 
1 7 0 0 5 4 0 0 0 
0 0 0 0 0 0 7 0 1 
------- 0 -------
0 9 0 0 8 0 0 5 0 
7 8 1 0 4 0 0 2 0 
5 0 0 2 0 0 0 0 0 
9 0 2 8 1 0 0 6 5 
8 0 7 4 6 5 0 3 0 
0 0 0 0 0 2 8 0 7 
3 2 9 0 0 0 5 0 0 
1 7 0 0 5 4 0 0 0 
0 0 0 0 0 0 7 0 1 
------- 0 -------
